Precision: 0.6614173228346457
Recall: 0.6086956521739131
F1: 0.6339622641509434
