Precision: 1.0
Recall: 0.021739130434782608
F1: 0.042553191489361694
