Precision: 0.5829787234042553
Recall: 0.9927536231884058
F1: 0.7345844504021447
