Precision: 0.6666666666666666
Recall: 0.17391304347826086
F1: 0.27586206896551724
