Precision: 0.6
Recall: 0.9347826086956522
F1: 0.7308781869688384
