Precision: 0.5887850467289719
Recall: 0.9130434782608695
F1: 0.7159090909090908
