Precision: 0.8571428571428571
Recall: 0.9130434782608695
F1: 0.8842105263157894
