Precision: 0.5964912280701754
Recall: 0.4927536231884058
F1: 0.5396825396825397
