Precision: 0.7786259541984732
Recall: 0.7391304347826086
F1: 0.758364312267658
