Precision: 0.7518796992481203
Recall: 0.7246376811594203
F1: 0.7380073800738007
